Nuclide X9
    t                            Reference_solution           Series_solution             APE
-----------------------------------------------------------------------------------------------
    1             91420844713955.476119561821617909    9.1420844713858938e+13      1.0560e-10
    2             18587856150443322.877949268645333    1.8587856150427156e+16      8.6975e-11
    3             378523320244731617.66743147911189    3.7852332024438995e+17      9.0263e-11
    4             3005543005185405678.4358583669471    3.0055430051825408e+18      9.5320e-11
    5              14246513996304724103.02018801217    1.4246513996290486e+19      9.9941e-11
    6             48735709229959233051.785391347328    4.8735709229908648e+19      1.0379e-10
    7             133134770870114051750.01732954357    1.3313477086997155e+20      1.0704e-10
    8             308514915326607229129.75710104478    3.0851491532626867e+20      1.0974e-10
    9             630554588108532971227.40149887643    6.3055458810782653e+20      1.1203e-10
   10             1167304795907402714536.9450066494    1.1673047959060724e+21      1.1396e-10
   20             31525843629277512359694.289270639    3.1525843629238414e+22      1.2402e-10
   30              88339937374923805441817.20222508    8.8339937374810891e+22      1.2782e-10
   40             99608808693039964787422.072743913    9.9608808692910683e+22      1.2979e-10
   50             68964631824485435933186.639164209    6.8964631824395126e+22      1.3095e-10
   60             35340636813279318735056.352418608    3.5340636813232779e+22      1.3169e-10
   70             14794232254922620124286.900304857    1.4794232254903068e+22      1.3216e-10
   80             5362367757067723653258.5305408012    5.3623677570606181e+21      1.3251e-10
   90             1746429003994624235890.4204526641    1.7464290039923065e+21      1.3271e-10
  100             523955452398175347996.22596379678    5.2395545239747913e+20      1.3288e-10


Nuclide X8
    t                            Reference_solution           Series_solution             APE
-----------------------------------------------------------------------------------------------
    1             4190316628279457.0692605262408978    4.1903166282756545e+15      9.0747e-11
    2             422964211915181703.13291754203673    4.2296421191484147e+17      8.0440e-11
    3              5701694683971897782.851786774842    5.7016946839670825e+18      8.4454e-11
    4             33717026425678096192.025286945801    3.3717026425647993e+19      8.9282e-11
    5             126970859146543749599.53714291008    1.2697085914642512e+20      9.3431e-11
    6             359472729782360282907.12186022762    3.5947272978201222e+20      9.6826e-11
    7               835974511160415451493.131920263    8.3597451115958292e+20      9.9588e-11
    8             1683606287924656322060.0780658203    1.6836062879229414e+21      1.0186e-10
    9             3038185705914498266812.7812876597    3.0381857059113460e+21      1.0375e-10
   10             5028321670571859126041.0713933282    5.0283216705665620e+21      1.0535e-10
   20             63717543070682842768880.321512283    6.3717543070610580e+22      1.1341e-10
   30             112294680801325368099419.35822481    1.1229468080119467e+23      1.1639e-10
   40             90033395681716694378534.207666308    9.0033395681610581e+22      1.1786e-10
   50             47493008155127896703194.919454565    4.7493008155071511e+22      1.1872e-10
   60             19395566963910667823534.629847671    1.9395566963887532e+22      1.1928e-10
   70             6680764476414015212717.0872006196    6.6807644764060244e+21      1.1961e-10
   80             2041070522122259175883.7041864288    2.0410705221198136e+21      1.1982e-10
   90             571004065656894065075.13629140832    5.7100406565620901e+20      1.1997e-10
  100             149426153534965980369.03136728673    1.4942615353478657e+20      1.2007e-10


Nuclide X7
    t                            Reference_solution           Series_solution             APE
-----------------------------------------------------------------------------------------------
    1             167710532258349325.95148720756276    1.6771053225821805e+17      7.8275e-11
    2             8386742403356805063.2040781094983    8.3867424033507133e+18      7.2636e-11
    3              74685096742447156791.23539528044    7.4685096742389563e+19      7.7116e-11
    4               328244599649940464930.550208268    3.2824459964967145e+20      8.1956e-11
    5             979997665881315404756.85352158619    9.7999766588047412e+20      8.5846e-11
    6             2291469318238692316121.1271818749    2.2914693182366553e+21      8.8896e-11
    7             4527187278485485698422.4945991308    4.5271872784813523e+21      9.1302e-11
    8             7907586424295817868182.2923679619    7.9075864242884455e+21      9.3232e-11
    9             12573349518536734238558.278145581    1.2573349518524813e+22      9.4814e-11
   10             18565810242824839395831.805629905    1.8565810242806996e+22      9.6109e-11
   20             108158196794809834803090.01254818    1.0815819679469902e+23      1.0246e-10
   30             117533472878642747640748.16114566    1.1753347287851968e+23      1.0471e-10
   40             65739952321235957751061.673190458    6.5739952321166423e+22      1.0577e-10
   50             25946003334264559181976.605579618    2.5946003334236956e+22      1.0639e-10
   60             8301185694558218341011.6861482695    8.3011856945493584e+21      1.0673e-10
   70             2315470121779822857141.1512213667    2.3154701217773472e+21      1.0692e-10
   80             587538201645552030802.28939519912    5.8753820164492296e+20      1.0707e-10
   90             139297951102468402360.79462997586    1.3929795110231918e+20      1.0712e-10
  100             31409504895473624536.371895225845    3.1409504895439962e+19      1.0717e-10


Nuclide X6
    t                            Reference_solution           Series_solution             APE
-----------------------------------------------------------------------------------------------
    1             5735589272856034910.0165490365013    5.7355892728519823e+18      7.0657e-11
    2             141653768067807987265.31571761407    1.4165376806771240e+20      6.7480e-11
    3             830692347886891732853.63284161785    8.3069234788628601e+20      7.2918e-11
    4             2704853526841296819904.8368590957    2.7048535268392100e+21      7.7151e-11
    5             6381989993964580310378.7039086086    6.3819899939594615e+21      8.0207e-11
    6             12285007522910895912773.838341061    1.2285007522900765e+22      8.2466e-11
    7             20552825347062084290746.172848841    2.0552825347044786e+22      8.4165e-11
    8              31034216034280610601645.17607662    3.1034216034254073e+22      8.5511e-11
    9             43336966808819437009291.767335156    4.3336966808781917e+22      8.6577e-11
   10             56904278740521211722559.653162476    5.6904278740471443e+22      8.7460e-11
   20             147331790860180764834400.61080627    1.4733179086004580e+23      9.1606e-11
   30             95308014742418201395915.161611306    9.5308014742329555e+22      9.3010e-11
   40             35875864892875640428556.704293723    3.5875864892842053e+22      9.3621e-11
   50             10217112372889183816593.733725187    1.0217112372879582e+22      9.3978e-11
   60             2470621007174703644625.5014328154    2.4706210071723786e+21      9.4108e-11
   70             538886289299608267684.38283560407    5.3888628929910047e+20      9.4231e-11
   80             109833562030428597182.35944866925    1.0983356203032506e+20      9.4267e-11
   90             21386023634820196096.716195826384    2.1386023634800038e+19      9.4258e-11
  100             4036381048399757742.6630233759032    4.0363810483959532e+18      9.4256e-11


Nuclide X5
    t                            Reference_solution           Series_solution             APE
-----------------------------------------------------------------------------------------------
    1             121984494097907727894.58525042992    1.2198449409783464e+20      5.9916e-11
    2             1480330007621341711927.0307784663    1.4803300076204487e+21      6.0325e-11
    3             5687037996521662787525.8271541547    5.6870379965179683e+21      6.4963e-11
    4             13646790612724570229954.590422575    1.3646790612715280e+22      6.8076e-11
    5             25309591944932600609753.723029782    2.5309591944914824e+22      7.0237e-11
    6              39888522119958377905232.03479001    3.9888522119929747e+22      7.1777e-11
    7             56194557857284044405044.299703108    5.6194557857243064e+22      7.2926e-11
    8             72935767389493517067548.161551804    7.2935767389439684e+22      7.3809e-11
    9             88929628300723612046305.306606731    8.8929628300657344e+22      7.4517e-11
   10             103225620313981502408028.88244351    1.0322562031390399e+23      7.5090e-11
   20             111266761921665167060074.40418455    1.1126676192157869e+23      7.7720e-11
   30             39641761655107031648042.939066618    3.9641761655075881e+22      7.8580e-11
   40             9158922039040010269446.4193312038    9.1589220390327770e+21      7.8975e-11
   50             1688808195378107490407.3858252444    1.6888081953767707e+21      7.9156e-11
   60             271920205822346739420.93632287466    2.7192020582213118e+20      7.9273e-11
   70             40047596638979316134.833982834214    4.0047596638947533e+19      7.9363e-11
   80             5540717775818067164.9539424304344    5.5407177758136668e+18      7.9419e-11
   90             732144925768044616.99980680611337    7.3214492576746304e+17      7.9435e-11
  100             93410722083293801.875029351866454    9.3410722083219616e+16      7.9419e-11


Nuclide X4
    t                            Reference_solution           Series_solution             APE
-----------------------------------------------------------------------------------------------
    1             2087721095361944422658.5917929298    2.0877210953610358e+21      4.3522e-11
    2             12524716448343798949327.278206517    1.2524716448337478e+22      5.0468e-11
    3             31720247961472536593707.690365785    3.1720247961455363e+22      5.4141e-11
    4              56459460299882495686190.78538766    5.6459460299850743e+22      5.6240e-11
    5             82858901039673579954180.264849108    8.2858901039625854e+22      5.7599e-11
    6             107657191245971643991026.02744157    1.0765719124590864e+23      5.8523e-11
    7             128626479820395405368055.85244325    1.2862647982031926e+23      5.9199e-11
    8             144556948919169648161677.78351664    1.4455694891908334e+23      5.9705e-11
    9             155065026408086025959800.07676909    1.5506502640799284e+23      6.0095e-11
   10             160356605915882024781453.06607309    1.6035660591578514e+23      6.0418e-11
   20             78769967853288978673548.742658287    7.8769967853240251e+22      6.1861e-11
   30             17326549198859487408560.565255853    1.7326549198848693e+22      6.2300e-11
   40             2821517461043426293631.1173668112    2.8215174610416640e+21      6.2459e-11
   50             396041551878951720754.51241516279    3.9604155187870407e+20      6.2532e-11
   60             51077479025401734204.729715053977    5.1077479025369768e+19      6.2584e-11
   70             6246785235079842629.4127259292845    6.2467852350759322e+18      6.2599e-11
   80              737123737614525367.2049641071858    7.3712373761406400e+17      6.2590e-11
   90             84789087350076601.448485582905308    8.4789087350023568e+16      6.2547e-11
  100             9569142282830153.6933892223504032    9.5691422828241760e+15      6.2468e-11


Nuclide X3
    t                            Reference_solution           Series_solution             APE
-----------------------------------------------------------------------------------------------
    1             26591602565761798209558.757580341    2.6591602565752786e+22      3.3891e-11
    2               78253197305686886070938.8068951    7.8253197305655503e+22      4.0105e-11
    3              129632470823546688358723.2551168    1.2963247082349200e+23      4.2187e-11
    4             169807400324122124433961.85968379    1.6980740032404871e+23      4.3234e-11
    5             195651189273893341811239.35699911    1.9565118927380756e+23      4.3844e-11
    6             207919634792338052392338.40603671    2.0791963479224606e+23      4.4244e-11
    7             209020173077224293361991.97554993    2.0902017307713119e+23      4.4543e-11
    8             201801094257201076141185.41301835    2.0180109425711076e+23      4.4755e-11
    9              188945142656069785179787.7392154    1.8894514265598489e+23      4.4931e-11
   10             172709736313725376781321.73509015    1.7270973631364753e+23      4.5074e-11
   20             35832085816194791390005.953805805    3.5832085816178431e+22      4.5658e-11
   30             4554900677236742294277.7275079637    4.5549006772346573e+21      4.5775e-11
   40             496138705885679397748.49820625612    4.9613870588545217e+20      4.5799e-11
   50             51011429488314168586.345226604255    5.1011429488290824e+19      4.5763e-11
   60             5129540963827997041.9001610871838    5.1295409638256527e+18      4.5703e-11
   70             511453981503846190.73853352731727    5.1145398150361267e+17      4.5658e-11
   80              50834393960440804.72449453305023    5.0834393960417624e+16      4.5600e-11
   90             5046664363026574.0634030538017506    5.0466643630242750e+15      4.5556e-11
  100             500806294577674.06139429602825985    5.0080629457744625e+14      4.5489e-11


Nuclide X2
    t                            Reference_solution           Series_solution             APE
-----------------------------------------------------------------------------------------------
    1             147602369952776484255223.55154862    1.4760236995273939e+23      2.5131e-11
    2             208741273425627519429596.59700572    2.0874127342557505e+23      2.5136e-11
    3             221403554929164731517287.41365017    2.2140355492910907e+23      2.5140e-11
    4             208741273425627524270404.44756492    2.0874127342557502e+23      2.5153e-11
    5             184502962440970613876449.58331451    1.8450296244092418e+23      2.5167e-11
    6              156555955069220646833409.2235931    1.5655595506918122e+23      2.5184e-11
    7             129152073708679432708611.75867771    1.2915207370864689e+23      2.5197e-11
    8             104370636712813766976010.07434167    1.0437063671278746e+23      2.5205e-11
    9             83026333098436780095241.377236956    8.3026333098415850e+22      2.5209e-11
   10             65231647945508605872758.749763296    6.5231647945492154e+22      2.5221e-11
   20             4076977996594288339782.5635163787    4.0769779965932570e+21      2.5297e-11
   30             191108343590357288086.76742996335    1.9110834359030881e+20      2.5367e-11
   40              7962847649598221260.259466462352    7.9628476495961948e+18      2.5449e-11
   50             311048736312430554.04571445349862    3.1104873631235098e+17      2.5583e-11
   60             11664327611716147.129220381186685    1.1664327611713156e+16      2.5643e-11
   70             425261944177151.24672961089880318    4.2526194417704175e+14      2.5748e-11
   80             15187926577755.403429990311911016    1.5187926577751475e+13      2.5865e-11
   90              533950543749.2134637484122647773    5.3395054374907458e+11      2.6011e-11
  100             18539949435.736580752125959251144    1.8539949435731747e+10      2.6072e-11


Nuclide X1
    t                            Reference_solution           Series_solution             APE
-----------------------------------------------------------------------------------------------
    1             425890414308657561831457.99668891    4.2589041430865752e+23      9.8221e-15
    2             301149999999999994925185.47989813    3.0114999999999992e+23      2.4880e-14
    3             212945207154328785854028.04009532    2.1294520715432873e+23      2.6229e-14
    4             150575000000000000954497.47989813    1.5057499999999994e+23      4.0481e-14
    5             106472603577164395396163.54092309    1.0647260357716435e+23      4.2636e-14
    6             75287500000000002223201.109923598    7.5287499999999963e+22      5.2098e-14
    7             53236301788582198932656.530899262    5.3236301788582165e+22      6.3740e-14
    8             37643750000000001984576.739949066    3.7643749999999973e+22      7.6997e-14
    9             26618150894291100083615.645668489    2.6618150894291078e+22      8.2964e-14
   10             18821875000000001428776.462468166    1.8821874999999985e+22      8.7286e-14
   20             588183593750000112850.52890426039    5.8818359374999906e+20      1.7900e-13
   30             18380737304687505657.868542387206    1.8380737304687456e+19      2.7016e-13
   40              574398040771484618.4111892661336    5.7439804077148256e+17      3.5836e-13
   50             17949938774108896.406687080708344    1.7949938774108814e+16      4.5909e-13
   60             560935586690903.07775076552656294    5.6093558669090000e+14      5.4868e-13
   70             17529237084090.723212267493155941    1.7529237084090611e+13      6.4014e-13
   80             547788658877.83516390073636271221    5.4778865887783118e+11      7.2727e-13
   90             17118395589.932350856816048884415    1.7118395589932211e+10      8.1700e-13
  100             534949862.18538602630419020106479    5.3494986218538117e+08      9.0781e-13


